JOB_NAME=40338jack40338
ODB_VERSION_MAJOR=6
ODB_VERSION_MINOR=1
CREATION_DATE=20240417.134424
SAVE_DATE=20240417.134442
SAVE_APP=InCAMPro 06.00SP1
SAVE_USER=incam
